Webots Project File version R2023b
perspectives: 000000ff00000000fd00000002000000010000020f0000023afc0200000001fb0000001400540065007800740045006400690074006f007201000000160000023a0000008700ffffff00000003000007800000018afc0100000002fb0000001a0043006f006e0073006f006c00650041006c006c0041006c006c0100000000000007800000006900fffffffc00000000000007800000000000fffffffa000000000100000001fb0000001a0043006f006e0073006f006c00650041006c006c0041006c006c0100000000ffffffff00000000000000000000056f0000023a00000001000000020000000100000008fc00000000
simulationViewPerspectives: 000000ff000000010000000200000157000005280100000002010000000100
sceneTreePerspectives: 000000ff0000000100000003000000220000009d000000fa0100000002010000000200
minimizedPerspectives: 000000ff00000000fd00000002000000010000022600000270fc0200000001fb0000001400540065007800740045006400690074006f0072010000001a000002700000008c00ffffff000000030000078000000144fc0100000001fc00000000000007800000007100fffffffa000000000100000002fb0000001a0043006f006e0073006f006c00650041006c006c0041006c006c0100000000ffffffff0000006900fffffffb0000001a0043006f006e0073006f006c00650041006c006c0041006c006c0100000000ffffffff0000006900ffffff000005580000027000000001000000020000000100000008fc00000000
maximizedDockId: -1
centralWidgetVisible: 1
orthographicViewHeight: 1
textFiles: 1 "controllers/model_controller/model_controller.py" "controllers/model_controller_ula8/model_controller_ula8.py" "controllers/model_controller_ula32/model_controller_ula32.py"
consoles: Console:All:All
renderingDevicePerspectives: e-puck(1):camera;1;1;0;0
renderingDevicePerspectives: e-puck:camera;1;1.01923;0;0.00245701
