Webots Project File version R2023b
perspectives: 000000ff00000000fd00000002000000010000017e0000028cfc0200000001fb0000001400540065007800740045006400690074006f007200000000160000028c0000004100ffffff000000030000078000000138fc0100000001fc00000000000007800000007100fffffffa000000000100000002fb0000001a0043006f006e0073006f006c00650041006c006c0041006c006c0100000000ffffffff0000006900fffffffb0000001a0043006f006e0073006f006c00650041006c006c0041006c006c0100000000ffffffff0000006900ffffff000007800000028c00000001000000020000000100000008fc00000000
simulationViewPerspectives: 000000ff00000001000000020000011a000005800100000002010000000100
sceneTreePerspectives: 000000ff00000001000000030000002200000250000000fa0100000002010000000200
minimizedPerspectives: 000000ff00000000fd00000002000000010000022600000270fc0200000001fb0000001400540065007800740045006400690074006f0072010000001a000002700000008c00ffffff000000030000078000000144fc0100000001fc00000000000007800000007100fffffffa000000000100000002fb0000001a0043006f006e0073006f006c00650041006c006c0041006c006c0100000000ffffffff0000006900fffffffb0000001a0043006f006e0073006f006c00650041006c006c0041006c006c0100000000ffffffff0000006900ffffff000005580000027000000001000000020000000100000008fc00000000
maximizedDockId: -1
centralWidgetVisible: 1
orthographicViewHeight: 1
textFiles: -1
consoles: Console:All:All
consoles: Console:All:All
renderingDevicePerspectives: e-puck(1):camera;1;1;0;0
renderingDevicePerspectives: e-puck:camera;1;0.820513;0;0.00245701
